[array([0.996651, 0.001439]), array([0.638512, 0.01429 ]), array([0.021588, 0.984211, 0.542109]), array([0.11245 , 0.456812, 0.901233, 0.005678]), array([0.55421 , 0.123984, 0.678221, 0.890122]), array([0.441233, 0.998122, 0.001245, 0.556711, 0.321098]), array([0.001234, 0.887611, 0.445322, 0.221098, 0.990123, 0.556712]), array([0.007838, 0.337307, 0.164679, 0.407388, 0.632409, 0.551169,
       0.306982, 0.5023  ])]
[array([0.919191, 0.838383]), array([0.998312, 0.002851]), array([0.342299, 0.341527, 0.471239]), array([0.387195, 0.490423, 0.43071 , 0.405493]), array([0.236596, 0.865457, 0.89289 , 0.897109]), array([0.727708, 0.335856, 0.785846, 0.777106, 0.230214]), array([0.017847, 0.815326, 0.270978, 0.212167, 0.499065, 0.497593]), array([0.117464, 0.226763, 0.160734, 0.103849, 0.998846, 0.763666,
       0.087753, 0.474624])]
[array([0.575251, 0.879599]), array([0.871256, 0.999348]), array([0.90693 , 0.142503, 0.504446]), array([0.435024, 0.412464, 0.436414, 0.423453]), array([0.221849, 0.896815, 0.894595, 0.898055]), array([0.461344, 0.323423, 0.803851, 0.969268, 0.025109]), array([0.212868, 0.662607, 0.215209, 0.160228, 0.376192, 0.775129]), array([0.110613, 0.166799, 0.129222, 0.228937, 0.996353, 0.475272,
       0.30197 , 0.476277])]
[array([0.732441, 0.040134]), array([0.688961, 0.010598]), array([0.990267, 0.061509, 0.800335]), array([0.434904, 0.399307, 0.463215, 0.450952]), array([0.028538, 0.096927, 0.128764, 0.401407]), array([0.487084, 0.014939, 0.99933 , 0.973696, 0.099886]), array([0.004352, 0.329864, 0.487139, 0.079703, 0.323502, 0.982761]), array([0.0417  , 0.167136, 0.185989, 0.004377, 0.961301, 0.357272,
       0.961301, 0.357272])]
[array([0.472361, 0.351758]), array([0.736899, 0.001   ]), array([0.909286, 0.974205, 0.475969]), array([0.428988, 0.443109, 0.30979 , 0.428981]), array([0.004861, 0.982935, 0.98162 , 0.958237]), array([0.592613, 0.386959, 0.657734, 0.780318, 0.073699]), array([0.075291, 0.40479 , 0.382733, 0.204853, 0.437087, 0.746748]), array([0.029788, 0.370437, 0.009211, 0.56322 , 0.914458, 0.813905,
       0.149129, 0.554138])]
[array([0.799197, 0.803213]), array([0.69697 , 0.070707]), array([9.96998e-01, 9.91006e-01, 9.66000e-04]), array([0.402567, 0.361014, 0.353681, 0.347064]), array([0.114475, 0.992539, 0.999989, 0.525254]), array([0.507314, 0.394923, 0.791626, 0.639115, 0.047392]), array([0.010322, 0.277175, 0.892712, 0.174897, 0.395748, 0.738827]), array([0.258372, 0.326752, 0.066404, 0.126235, 0.943892, 0.890864,
       0.283196, 0.101725])]
[array([0.819277, 0.694779]), array([0.656253, 0.988919]), array([0.307095, 0.291699, 0.462318]), array([0.464323, 0.31525 , 0.374494, 0.394655]), array([0.841103, 0.989215, 0.929196, 0.999673]), array([5.98021e-01, 4.42586e-01, 6.94937e-01, 9.10736e-01, 1.00000e-06]), array([0.114899, 0.037728, 0.781258, 0.4947  , 0.114078, 0.883059]), array([0.097603, 0.135405, 0.156089, 0.022873, 0.887585, 0.187209,
       0.032006, 0.53162 ])]
[array([0.378447, 0.273576]), array([0.730653, 0.213258]), array([0.374538, 0.449618, 0.445819]), array([0.34865 , 0.393784, 0.359305, 0.401263]), array([0.845525, 0.999999, 0.964822, 0.999561]), array([0.497821, 0.331178, 0.638314, 0.767495, 0.010657]), array([0.022693, 0.45861 , 0.588169, 0.516538, 0.194504, 0.964834]), array([0.014565, 0.233424, 0.15641 , 0.215734, 0.993571, 0.163832,
       0.082661, 0.95629 ])]